3439329
254762024
8386
173077954
22439526
254929797
8386
14501806
264618639
3174
264702525
3174
164773232
264461352
1667235
264671068
264576696
981073
255349227
254887854
254845911
255034654
254814453
255055626
210847662
254845911
255013683
254940282
254940282
254982225
255076597
254835425
2327838
255087083
254877368
255034654
255108055
255097569
255024168
25910312
254845911
255149998
255139512
255003197
254950768
254929797
254845911
4110417
254992711
254730567
254877368
255087083
254866882
254929797
5798625
254877368
255055626
254950768
255328256
255066112
254929797
225926184
264461352
3246
264450867
1572864
264545239
3246
187275673
1572864
264629125
3246
148069416
61215866
1572864
289177
61687726
167383
54725181
56885248
5997854
246087
76126617
25868369
446801
2652897
17532190
71208
27661434
2317352
29580328
32526827
37672
261022023
260990566
360632
260938137
1646264
260938137
1604321
261032509
67255664
261053480
261032509
302182
260990566
1003182
259637903
259396730
259585474
2998927
259407216
259595960
259627417
2810183
259428188
259564503
259606446
58709770
259491102
259679846
259501588
259637903
259470131
259658874
209945886
259637903
259627417
259606446
259512074
215167795
1352663
3198156
218009436
248197939
6123683
5550
5457
4628
821114
255915458
256030801
255988858
3554672
255925944
256041287
255884001
2894069
256125173
256198574
255936430
95116328
256093716
255873515
256219545
256062259
2023751
255967887
255988858
255936430
207460761
256041287
255884001
255904972
988579
55721328
105130229
78664171
7707033
371640
1468006
263968522
264073379
1004636
263999979
22261268
264052408
13170114
263863664
263968522
286351
263989493
3778
266285875
113413980
266222960
266306846
1474
71915
266233446
470507
266296360
1474
262678773
262615859
262636830
262605373
262773145
2684354
262710231
262563430
262699745
262615859
262741688
386273
262657802
262689259
262636830
262647316
262584401
103840481
262741688
262699745
262584401
262657802
262521487
47216
262626344
262731202
262521487
262783631
262731202
262647316
164106
262678773
262500515
262699745
262636830
262647316
419737
764815
289228
264461352
90460651
264346009
791132
20971520
264471838
3235
264608153
1929379
264702525
262332743
264587182
264555724
738826
264597667
8650752
264534753
2380267
264597667
3225
264136294
264220180
9542041
264167751
264167751
264115322
1279262
264188723
264115322
1824522
264230666
264136294
10087301
264178237
264146780
264209694
12974
264188723
264199208
264178237
116152
255485542
255401656
255422627
116979138
255391170
255191941
255391170
13442744
255590400
255359713
255370199
2862612
255496028
255454085
255328256
33575403
255380684
255443599
255265341
3984588
255349227
255391170
255338741
47626321
226890874
116654080
672460
226481930
113885839
258285240
258432040
258295726
258285240
553533
258348154
258327183
258201354
245219983
258369126
258442526
258348154
258400583
625582
258274754
258348154
258348154
12383682
258253783
258337669
258285240
14375976
258411069
258421555
258348154
258295726
638310
264639610
150999
172585123
52049
264660582
3328
534517
101229527
67549265
34015805
155166
74352
261347082
261399511
87881154
261326110
261315624
87010836
261378539
261378539
566241
261315624
261399511
258327183
261441454
261305139
2359296
261294653
261284167
87293952
261682626
261430968
5494538
261619712
261294653
5903482
261661655
261441454
5546967
261661655
261357568
5316280
261630197
261336596
5546967
261640683
261430968
5934940
276981
208773
221521
16064184
27207
19712
10352
9226
3072
4290
2560
5386
23571988
326338
625868
116152
61685
41209036
184791
31929139
80855695
2795
5273
1405091
5376
2703
96204
691138
21097349
681625
95305072
116119306
423567
113418
608583
114745671
3717
41390
3717
4055
3891
90992
285829
6228541
8673
482406
196104683
549294
245597470
241508024
3439329
31163678
58992
2883584
1876951
30838620
34508
3379
34631
593018
6225
8755
20677918
84029
46592
1121976
923494
3112
85186
265426042
3051
265300213
1048576
265436528
69111644
265415557
3051
266883563
1525
266904535
1814036
266757734
266810163
161413
266768220
1038018
266778705
265331671
266736762
266705305
576471
64839
565739
616099
9666
4697620
119336
16650
16281
110991
2348810
10414
263968522
263979008
264031436
263989493
264020951
264031436
234860052
263968522
263979008
263947550
264020951
263999979
264094351
263999979
8587837
264020951
264073379
264052408
263979008
263999979
263979008
264031436
1761607
264031436
263958036
264010465
263979008
264062894
264052408
203235000
264031436
263989493
264041922
264052408
264020951
1855979
263958036
264031436
264041922
264041922
263979008
264041922
264031436
38692454
11188305
10580131
15026094
13404
71475
4183818
5048
4204789
8147435
15667
6868172
11991
3649044
3659530
109148
22754099
11544821
11450449
53248
12523
261011537
261252710
7885291
260959109
261179310
28227665
260948623
261210767
4404019
261252710
261053480
212828
260980080
261158338
4833935
261273681
261221253
166429982
257456865
3806330
257414922
727941
257582694
9256
257477836
9256
257498808
9256
244842496
252203499
480768
252234956
198952
252266414
252224471
252172042
124405
3470786
252140584
60618178
37476106
13925089
25365053
48547
179568
260843765
260759879
260801822
260812308
260833280
260833280
260833280
260738908
260864737
260864737
260854251
260801822
260906680
73274490
260854251
260875223
260801822
260864737
260843765
260728422
260833280
260791336
260696965
260854251
260801822
260822794
260780851
260833280
260801822
260749393
260770365
260791336
260822794
260864737
173266698
260801822
260875223
260759879
260833280
260791336
260791336
260759879
260875223
260822794
260833280
260906680
260801822
260854251
260801822
260854251
260728422
260791336
260833280
260822794
260854251
185052692
260801822
260833280
260738908
260812308
260843765
260780851
260801822
260812308
260791336
260822794
260780851
260801822
260854251
260801822
260780851
260843765
260812308
260864737
260896194
260801822
260749393
3701473
260864737
260822794
260843765
260749393
260770365
260759879
260864737
260791336
260770365
260812308
260791336
260822794
260864737
260843765
260812308
260801822
260864737
260822794
260791336
260885708
85458944
260780851
260770365
260738908
260812308
260885708
260833280
260770365
260833280
260749393
260749393
260738908
260843765
260864737
260864737
260843765
260759879
260749393
260822794
260801822
260791336
260822794
110446510
260780851
260854251
260801822
260822794
260875223
260843765
260791336
214255534
257064
52953088
196628
53330575
62781
164144087
89548390
326338
6029312
211298549
258757099
258998272
1929379
259029729
47731179
258893414
258935357
216463
258620784
258903900
1530920
259029729
259008757
294021
258830499
258924871
3680501
260675993
260675993
260770365
260686479
260728422
260613079
260749393
260602593
260623564
260560650
137373941
260696965
260665507
260675993
260675993
260613079
260665507
260613079
260812308
260560650
260560650
260634050
260675993
260655022
260613079
260560650
260602593
260675993
260602593
5368709
260613079
260634050
260675993
260529192
260550164
260613079
260518707
260675993
260634050
260717936
260655022
260602593
260623564
260675993
260655022
260592107
260759879
5620367
260634050
260613079
260696965
260655022
260728422
260592107
260655022
260655022
260634050
260738908
260634050
260675993
260623564
260623564
260623564
260581621
260655022
260696965
27996979
260602593
260634050
260686479
260644536
260592107
260634050
260529192
260623564
260644536
260613079
260686479
260655022
260696965
260644536
260613079
260613079
260655022
260686479
4351590
260634050
260717936
260707450
260665507
260634050
260539678
260634050
260655022
260717936
260675993
260675993
260613079
260644536
260613079
260613079
260707450
260791336
260717936
248910970
260623564
260655022
260655022
260655022
260696965
260749393
260665507
260675993
261168824
261252710
261242224
261231738
7707033
261168824
261189795
261189795
261210767
39992688
261158338
261147852
261084938
261273681
249697402
261231738
261189795
261242224
261147852
261158338
3030384
261263196
261273681
261294653
261158338
261158338
261063966
261116395
261231738
261168824
261252710
6543114
214916136
141379502
375654
771952
265541386
2447
261042995
261210767
261210767
261210767
12236881
261210767
261273681
261252710
261116395
986521
261179310
261242224
261168824
52701429
261315624
261252710
261168824
261252710
261200281
260948623
261242224
261179310
261263196
7193231
261210767
261189795
261189795
261179310
261168824
1394606
259375759
259281387
259312844
259344302
259323330
259386245
259354787
259417702
119673978
259480616
259407216
259344302
259323330
259407216
259438673
259375759
259396730
549109
259365273
259407216
259449159
259480616
259375759
259197501
259302359
259281387
790886
259459645
259449159
259438673
259417702
259386245
259354787
259386245
259207987
17500733
259323330
259512074
259449159
259375759
259449159
259407216
259312844
259438673
13830717
259449159
259386245
259417702
259438673
259407216
259470131
259365273
259375759
67245178
261053480
261189795
261042995
1929379
261357568
261263196
134737
261105909
124958801
261053480
261231738
1625292
261137367
261147852
858664
261001052
261116395
2369781
246478274
55186554
246268559
22764584
246467788
10352
195957882
246383902
21443379
246404874
10352
20069744
20080230
20122173
20027801
20059258
28426895
28856811
28437381
20705
7665090
116758937
116895252
116716994
116800880
116255621
116245135
155346534
155000504
154759331
154832732
154581073
155010990
262007685
262144000
261965742
10999562
262123028
262081085
262039142
258547384
261965742
259826647
260854251
260843765
262070599
261997199
182819225
21495808
21527265
21653094
21432893
24861736
19472056
30115102
192172523
134102384
162738995
4597
4597
4218
4270
3942
3942
21212692
21223178
21202206
25375539
35515269
21663580
6931087
6941573
6941573
6962544
12656
213770
15623782
21674065
35870
39034
2908
2918
263465205
109974650
263402291
109597163
263465205
109544734
263412776
109691535
263465205
109722992
263454720
109628620
263255490
263328890
11188305
263213547
263224033
263339376
263213547
263349862
263339376
263245004
263245004
263286947
263255490
263318405
263318405
263224033
263150632
263255490
263339376
263391805
9028239
263150632
263276462
263297433
263234519
263339376
263328890
263339376
10789847
263297433
263423262
263265976
263224033
263286947
263297433
263402291
263161118
263255490
13117685
263245004
263339376
263307919
263245004
263381319
263307919
263224033
263213547
36144414
263265976
263286947
263255490
263255490
172071321
4864
3717
3758
3860
11120
11069
8683
8775
11683
11243
11509
3686
23255
3768
52889
51496
53780
53299
4218
3512
6574
167168
7854
7833
3348
3368
3778
3768
5457
5468
182242508
182085222
182200565
182022307
182032793
182347366
2789212
1929379
1719664
4309647
3890216
1226833
264733982
12194938
264713011
11943280
264713011
12467568
264650096
11943280
264629125
12121538
264754954
12268339
264671068
185975439
23246929
264629125
184339660
264702525
264775925
143204024
224584007
400752
383098
389242
389509
400609
375603
358133
188426
296611
700078
463114
729579
263779778
1405091
263926579
1845493
263853178
1551892
263821721
1520435
263842693
1384120
263874150
1604321
44816138
44837109
44837109
44900024
44868567
46347059
33701232
56360960
52596572
52229570
69856133
4078960
4078960
4057989
4068474
4057989
3418357
2348810
3533701
4540334
3837788
5326766
690595
695920
717598
709181
703303
712417
323072
320778
323768
318720
312688
313262
310312
235560
381429
334161
342128
456110
1520435
1488977
1593835
1551892
1562378
260644536
175856680
260686479
175311421
260655022
175479193
260686479
175605022
260696965
176076881
260675993
175426764
4133906022
4112431185
4123168604
4133906022
4123168604
4123168604
3439329
3449815
3439329
3439329
3439329
21852
698961
16263413
345661
118599
24295505
24264048
24264048
24316477
24274534
81757470
66508
42100326
33627832
4925
325601
323430
325468
322324
320686
1415577
12185
2631
9922
7823
4362076
4351590
4351590
4372561
4362076
1247805
21674065
32491
1247805
14397
7413
7587
7669
7464
8243
3614
3799
41216
3962
3809
1698693
1698693
1698693
1677721
1688207
6396313
615731
283504
434278
16865
60408463
60366520
60366520
60387491
60345548
10307502
7570718
127936757
122096189
115343360
625797
619243
620226
627425
617973
7065
166184
2453667
9953
190883
177586831
177544888
177335173
177314201
142344192
224300892
265457500
699740
106997
109916
107171
108308
104007
110520
154419
192153
172933
92538
6420
6717
113067950
113109893
113099407
112889692
113151836
184371118
182462709
178562007
860999
38262538
179044352
178603950
178708807
178666864
178383749
178866094
262070599
251238809
262259343
250137804
262206914
250399948
262175457
262206914
127685099
262154485
262112542
1174405
262164971
262102056
243437404
119107747
119181148
119149690
119107747
167510016
805662
170278256
190075371
4864
4874
3246
3246
30419189
30429675
30440161
30408704
30471618
25333596
5539
54997811
43106959
27399290
5222
5222
107164467
107258839
107216896
107237867
142543421
12482
143245967
142868480
17377
19804
3389
4874
3665
9881
3512
13025
90670366
90691338
90628423
90586480
90659880
90691338
711290
357038
350556
358727
349573
256460718
9730785
256502661
9856614
256397803
9835642
256439746
9604956
256439746
9814671
256450232
9919528
926832
915732
1761607
1761607
28301066
28322037
28311552
28290580
28311552
28322037
138106
142602
140963
147671
143308
150876
34582036
34529607
34697379
34529607
34582036
46295
34211
87912611
87975526
87975526
87975526
87870668
87965040
29614
27791
30013
27944
29358
28620
42341498
42362470
42362470
42310041
42341498
42383441
13649
13199
13578
13608
13649
14059
99079946
98954117
98922659
98985574
99027517
123791
124456
118743
121937
127846
121518
690944
700712
693493
688097
692080
700190
8765
9676
10526
8284
7895
8796
21340
23009
22435
21688
22712
7086
7137
7086
7311
15141437
15120465
15183380
15183380
15120465
11458
15851
15411
6461
12083
122410762
122400276
122284933
122295418
122389790
122473676
40663
43345
41943
39956
41410
39290
8704
8540
9185
8570
9236
8181
2375
2426
2344
4362076
4362076
4351590
4351590
4351590
4351590
6778
11458
7301
7055
7352
2877
28038922
28038922
28080865
28017950
27996979
28028436
17694
28395
38758
42247127
42194698
42299555
42205184
42226155
68403
21422
20899
308561
304660
312238
310394
311439
2508
30935
264964669
264870297
63354961
264807383
666736
3532
264975155
265100984
265174384
2548039
265090498
265027584
264975155
1520435
265069527
264954183
264985640
265059041
294379
264996126
264912240
265017098
264954183
231096
265090498
264933212
265027584
27409776
265080012
265153413
265027584
727121
31549
15093
29870
7277117
7946
265226813
429772
265195356
26067599
265121955
37539020
265184870
265237299
2369781
265195356
265205841
3848273
265142927
3984588
264010465
264083865
263958036
264010465
264041922
263811235
263926579
263937064
1069547
263968522
264073379
263947550
264031436
263999979
263779778
263905607
263937064
1019187
264010465
264020951
263958036
263905607
263979008
263863664
263968522
4634705
263968522
264010465
264020951
263895121
263905607
263999979
264041922
240669163
263958036
263863664
264010465
263821721
264041922
263947550
263958036
5599395
263853178
263958036
264010465
263884636
264073379
263989493
264031436
264052408
2757754
23592
264744468
3358
930887
264702525
3358
126573608
264534753
6737
265132441
2232
362076
265268756
104325
213710274
108564
265132441
2232
128307
264461352
688558
264723496
264796897
2222
55784243
262007685
262049628
5714739
261923799
261934284
2128609
261934284
261986713
261902827
683376
261955256
261871370
4393533
261892341
261955256
105864232
262018170
262007685
497131
59422801
59622031
115668418
59401830
60125347
61299752
38975569
70348963
21202206
39227228
20038287
24473763
39311114
1059061
1042135
1040936
159293
157071
292567
3962
113749524
5713
86245376
68293754
124633743
263234519
5826
263234519
5826
263077232
54504980
2569011
291993
3246
3942
3276
3194
69185044
103494451
34623979
7792
28487
2212495
165423349
188743680
537856
172165693
262699745
262720716
262815088
262783631
262794117
262762659
262804602
262710231
262773145
262710231
262783631
262741688
262752174
262804602
262710231
262804602
262762659
262846545
262752174
262794117
262783631
29265756
262720716
262825574
262783631
262836060
262815088
262794117
262741688
262804602
262794117
262741688
262836060
262783631
262794117
262815088
262731202
262815088
262710231
262720716
262720716
262825574
262731202
262720716
262731202
262762659
262762659
262783631
262804602
262741688
38702940
262794117
262720716
262815088
262794117
262762659
262815088
262752174
262804602
262773145
262825574
262783631
262804602
262741688
262762659
262710231
262804602
262689259
262762659
262762659
262815088
262783631
262773145
262773145
262815088
262846545
262815088
262804602
262720716
13411287
262752174
262741688
262773145
262878003
262762659
262794117
262815088
262752174
262836060
262804602
262741688
262815088
262794117
262815088
262752174
262794117
262804602
262773145
262783631
262783631
262794117
262857031
262699745
262836060
262762659
262752174
262710231
262815088
262783631
7140802
262773145
262836060
262773145
262773145
262794117
262815088
262741688
262720716
262794117
262741688
262752174
262783631
262815088
262794117
262825574
262794117
262752174
262752174
262794117
262783631
262731202
262773145
262815088
262794117
262741688
262752174
262773145
262783631
5609881
262794117
262825574
262773145
262815088
262846545
262741688
262794117
262815088
262783631
262773145
262815088
262762659
262773145
262773145
262773145
262783631
262794117
262825574
262794117
262846545
262731202
262773145
262783631
262762659
262794117
262773145
262741688
262720716
241927454
262836060
262804602
262825574
262752174
262741688
262773145
262773145
5109
3481
34330378
45267025
39132856
59391344
45015367
1373634
1384120
1352663
482488
492390
488366
3266
51306823
25878855
25805455
25815941
25753026
5447
4956
3123
1048576
3358
4464
263538606
263601520
263643463
263538606
263507148
1499463
263454720
263622492
263570063
263591034
810946
263549091
263517634
263570063
59066286
263580549
263549091
263549091
263674920
263454720
1331691
263507148
263507148
263496663
263517634
19377684
263612006
263632977
263622492
263475691
201525821
264335523
264325038
122001817
264387952
264398438
264387952
95923732
264377466
264440381
264482324
9206497
264356495
264398438
257352007
264398438
264356495
97381253
264408924
264366981
5022679
47374663
47364177
94204067
47374663
47353692
33774632
33606860
33627832
33711718
65483571
57000591
57084477
57032048
57084477
113571266
15172894
143235481
142837022
143623454
493568
72366
5539
68555898
71869399
58869
13373
36312186
4495
4218
25375539
35515269
21674065
8325
68505
21663580
15571353
69867
39270
3205
263276462
263245004
263402291
263370833
263182090
263245004
263245004
263276462
25543311
263307919
263339376
263297433
263297433
263234519
263328890
263276462
263328890
1929379
263224033
263213547
263307919
263286947
263297433
263318405
263339376
263255490
1457520
263203061
263255490
263224033
263276462
263286947
263328890
263276462
263318405
1897922
263349862
263234519
263370833
263276462
263234519
263307919
3743416
263307919
263360348
263276462
263391805
263339376
263276462
263286947
263328890
33785118
4372
4403
4495
53246689
22837985
84183
1426063
98007
12974
8079
263601520
263591034
3460300
263664435
263664435
105927147
263674920
263612006
1709178
263570063
263706378
31614566
263727349
262689259
263486177
263632977
1048576
138034544
138076487
309329
138265231
116402421
138443489
81925242
138244259
100485038
138233774
82187386
138118430
53145
266380247
266401218
266380247
266443161
266359275
91351941
266348789
266359275
266390732
266348789
266401218
174294302
266401218
266401218
266401218
266401218
266390732
266390732
9919528
266380247
266348789
266369761
266369761
266369761
25742540
266369761
266401218
266390732
266359275
266369761
266390732
196608000
266411704
266422190
266348789
266411704
266411704
263433748
36833
5826
5713
246656532
17070817
246562160
12886999
246771875
64403537
246761390
29852958
246604103
19136512
246625075
16158556
56985
8796
9123
25835
28497
21202206
39227228
20038287
24473763
39311114
263454720
136430223
263245004
163179397
263297433
67800924
263486177
187349073
263286947
109188218
262437601
16263413
47406120
73043804
47416606
69321359
65997373
11345
6103
8796
3614
5099
3891
22968
3737
31621
3645
14489
167208
4300
10106
3737
3584
4003
5683
13250
8089
5785
14448
144168714
144357457
144189685
144588144
12457082
12488540
12499025
12446597
12488540
12499025
176884285
176706027
176884285
176674570
176685056
177010114
264587182
3041
259197501
264681553
264618639
877045
264482324
105014886
260529192
2768240
260644536
2296381
260686479
550707
91477770
260791336
5795
259732275
8839495
259784704
2285895
259669360
9080668
259753246
1855979
259732275
746731
259847618
259910533
85145
265855959
265772072
265855959
452526
265876930
265216327
265740615
265908387
221280993
265834987
265845473
85584773
265845473
265855959
265855959
17490247
265834987
265918873
254853
247893852
248114053
247830937
247589765
141169786
247505879
247893852
247715594
247600250
41072721
247778508
247788994
247883366
247757537
247883366
368302
247778508
247778508
248082595
247988224
246803333
2694840
250284605
247589765
247935795
247946280
20499660
249372344
247883366
247914823
247998709
247537336
157388
